fra,jour,n_dose1,n_complet,n_cum_dose1,n_cum_complet,couv_dose1,couv_complet,roll_mean_dose1
FR,2020-12-27,21,2,21,2,0,0,NA
FR,2020-12-28,77,0,98,2,0,0,NA
FR,2020-12-29,108,0,206,2,0,0,NA
FR,2020-12-30,125,0,331,2,0,0,NA
FR,2020-12-31,88,0,419,2,0,0,NA
FR,2021-01-01,76,1,495,3,0,0,NA
FR,2021-01-02,93,4,588,7,0,0,84
FR,2021-01-03,99,0,687,7,0,0,95.14285714285714
FR,2021-01-04,1483,7,2170,14,0,0,296
FR,2021-01-05,5436,22,7606,36,0,0,1057.142857142857
FR,2021-01-06,11338,41,18944,77,0,0,2659
FR,2021-01-07,28709,74,47653,151,0.1,0,6747.714285714285
FR,2021-01-08,36378,96,84031,247,0.1,0,11933.714285714286
FR,2021-01-09,10967,24,94998,271,0.1,0,13487.142857142857
FR,2021-01-10,5653,9,100651,280,0.1,0,14280.57142857143
FR,2021-01-11,39183,116,139834,396,0.2,0,19666.285714285714
FR,2021-01-12,61110,185,200944,581,0.3,0,27619.714285714286
FR,2021-01-13,64035,230,264979,811,0.4,0,35147.857142857145
FR,2021-01-14,80168,763,345147,1574,0.5,0,42499.142857142855
FR,2021-01-15,67714,347,412861,1921,0.6,0,46975.71428571428
FR,2021-01-16,19783,137,432644,2058,0.6,0,48235.142857142855
FR,2021-01-17,10492,73,443136,2131,0.7,0,48926.42857142857
FR,2021-01-18,84602,381,527738,2512,0.8,0,55414.857142857145
FR,2021-01-19,128747,445,656485,2957,1,0,65077.28571428572
FR,2021-01-20,135570,449,792055,3406,1.2,0,75296.57142857143
FR,2021-01-21,155829,453,947884,3859,1.4,0,86105.28571428571
FR,2021-01-22,119084,456,1066968,4315,1.6,0,93443.85714285714
FR,2021-01-23,37906,94,1104874,4409,1.6,0,96032.85714285714
FR,2021-01-24,9387,43,1114261,4452,1.7,0,95875
FR,2021-01-25,77063,1395,1191324,5847,1.8,0,94798
FR,2021-01-26,99010,3314,1290334,9161,1.9,0,90549.85714285714
FR,2021-01-27,105849,5834,1396183,14995,2.1,0,86304
FR,2021-01-28,122659,14681,1518842,29676,2.3,0,81565.42857142857
FR,2021-01-29,91070,17519,1609912,47195,2.4,0.1,77563.42857142857
FR,2021-01-30,28714,4278,1638626,51473,2.4,0.1,76250.28571428571
FR,2021-01-31,4884,1689,1643510,53162,2.4,0.1,75607
FR,2021-02-01,51702,21215,1695212,74377,2.5,0.1,71984
FR,2021-02-02,70824,34735,1766036,109112,2.6,0.2,67957.42857142857
FR,2021-02-03,71122,37172,1837158,146284,2.7,0.2,62996.42857142857
FR,2021-02-04,80755,50292,1917913,196576,2.9,0.3,57010.142857142855
FR,2021-02-05,67275,45514,1985188,242090,3,0.4,53610.857142857145
FR,2021-02-06,21390,10442,2006578,252532,3,0.4,52564.57142857143
FR,2021-02-07,4830,5106,2011408,257638,3,0.4,52556.857142857145
FR,2021-02-08,45982,46196,2057390,303834,3.1,0.5,51739.71428571428
FR,2021-02-09,64934,72908,2122324,376742,3.2,0.6,50898.28571428572
FR,2021-02-10,69426,77261,2191750,454003,3.3,0.7,50656
FR,2021-02-11,85857,100070,2277607,554073,3.4,0.8,51384.857142857145
FR,2021-02-12,77924,75111,2355531,629184,3.5,0.9,52906.142857142855
FR,2021-02-13,21735,19662,2377266,648846,3.5,1,52955.42857142857
FR,2021-02-14,4603,7237,2381869,656083,3.5,1,52923
FR,2021-02-15,37180,76991,2419049,733074,3.6,1.1,51665.57142857143
FR,2021-02-16,49332,101338,2468381,834412,3.7,1.2,49436.71428571428
FR,2021-02-17,49449,103446,2517830,937858,3.8,1.4,46582.857142857145
FR,2021-02-18,68239,119410,2586069,1057268,3.9,1.6,44066
FR,2021-02-19,64013,91652,2650082,1148920,3.9,1.7,42078.71428571428
FR,2021-02-20,18035,28570,2668117,1177490,4,1.8,41550.142857142855
FR,2021-02-21,2873,6402,2670990,1183892,4,1.8,41303
FR,2021-02-22,36614,73554,2707604,1257446,4,1.9,41222.142857142855
FR,2021-02-23,52758,84691,2760362,1342137,4.1,2,41711.57142857143
FR,2021-02-24,58270,81788,2818632,1423925,4.2,2.1,42971.71428571428
FR,2021-02-25,98985,92994,2917617,1516919,4.3,2.3,47364
FR,2021-02-26,112017,72724,3029634,1589643,4.5,2.4,54221.71428571428
FR,2021-02-27,51302,22628,3080936,1612271,4.6,2.4,58974.142857142855
FR,2021-02-28,5702,4506,3086638,1616777,4.6,2.4,59378.28571428572
FR,2021-03-01,63838,53658,3150476,1670435,4.7,2.5,63267.42857142857
FR,2021-03-02,99579,67716,3250055,1738151,4.8,2.6,69956.14285714286
FR,2021-03-03,114078,67380,3364133,1805531,5,2.7,77928.71428571429
FR,2021-03-04,161056,71920,3525189,1877451,5.3,2.8,86796
FR,2021-03-05,198522,67203,3723711,1944654,5.5,2.9,99153.85714285714
FR,2021-03-06,205886,20709,3929597,1965363,5.9,2.9,121237.28571428571
FR,2021-03-07,120073,7206,4049670,1972569,6,2.9,137576
FR,2021-03-08,105260,52566,4154930,2025135,6.2,3,143493.42857142858
FR,2021-03-09,170228,59607,4325158,2084742,6.4,3.1,153586.14285714287
FR,2021-03-10,176276,60027,4501434,2144769,6.7,3.2,162471.57142857142
FR,2021-03-11,240197,67524,4741631,2212293,7.1,3.3,173777.42857142858
FR,2021-03-12,291964,58803,5033595,2271096,7.5,3.4,187126.2857142857
FR,2021-03-13,229269,18487,5262864,2289583,7.8,3.4,190466.7142857143
FR,2021-03-14,62357,4501,5325221,2294084,7.9,3.4,182221.57142857142
FR,2021-03-15,156425,35355,5481646,2329439,8.2,3.5,189530.85714285713
FR,2021-03-16,139624,41809,5621270,2371248,8.4,3.5,185158.85714285713
FR,2021-03-17,148455,41412,5769725,2412660,8.6,3.6,181184.42857142858
FR,2021-03-18,165529,48196,5935254,2460856,8.8,3.7,170517.57142857142
FR,2021-03-19,227447,42242,6162701,2503098,9.2,3.7,161300.85714285713
FR,2021-03-20,165060,14778,6327761,2517876,9.4,3.8,152128.14285714287
FR,2021-03-21,48824,3748,6376585,2521624,9.5,3.8,150194.85714285713
FR,2021-03-22,167659,37933,6544244,2559557,9.8,3.8,151799.7142857143
FR,2021-03-23,247605,47587,6791849,2607144,10.1,3.9,167225.57142857142
FR,2021-03-24,254185,49148,7046034,2656292,10.5,4,182329.85714285713
FR,2021-03-25,338900,52175,7384934,2708467,11,4,207097.14285714287
FR,2021-03-26,356264,50031,7741198,2758498,11.5,4.1,225499.57142857142
FR,2021-03-27,193685,21106,7934883,2779604,11.8,4.1,229588.85714285713
FR,2021-03-28,58444,5124,7993327,2784728,11.9,4.1,230963.14285714287
FR,2021-03-29,201014,58955,8194341,2843683,12.2,4.2,235728.14285714287
FR,2021-03-30,282856,76946,8477197,2920629,12.6,4.4,240764
FR,2021-03-31,260426,80124,8737623,3000753,13,4.5,241655.57142857142
FR,2021-04-01,311322,97358,9048945,3098111,13.5,4.6,237715.85714285713
FR,2021-04-02,278799,100365,9327744,3198476,13.9,4.8,226649.42857142858
FR,2021-04-03,139561,65544,9467305,3264020,14.1,4.9,218917.42857142858
FR,2021-04-04,44975,20158,9512280,3284178,14.2,4.9,216993.2857142857
FR,2021-04-05,58924,13004,9571204,3297182,14.3,4.9,196694.7142857143
FR,2021-04-06,214142,113968,9785346,3411150,14.6,5.1,186878.42857142858
FR,2021-04-07,257076,123552,10042422,3534702,15,5.3,186399.85714285713
FR,2021-04-08,334045,132907,10376467,3667609,15.5,5.5,189646
FR,2021-04-09,406591,129181,10783058,3796790,16.1,5.7,207902
FR,2021-04-10,210741,89020,10993799,3885810,16.4,5.8,218070.57142857142
FR,2021-04-11,55003,36536,11048802,3922346,16.5,5.8,219503.14285714287
FR,2021-04-12,234509,122306,11283311,4044652,16.8,6,244586.7142857143
FR,2021-04-13,306297,154621,11589608,4199273,17.3,6.3,257751.7142857143
FR,2021-04-14,290746,149462,11880354,4348735,17.7,6.5,262561.71428571426
FR,2021-04-15,332910,159711,12213264,4508446,18.2,6.7,262399.5714285714
FR,2021-04-16,336341,156973,12549605,4665419,18.7,7,252363.85714285713
FR,2021-04-17,186877,96305,12736482,4761724,19,7.1,248954.7142857143
FR,2021-04-18,50571,37388,12787053,4799112,19.1,7.2,248321.57142857142
FR,2021-04-19,203211,145571,12990264,4944683,19.4,7.4,243850.42857142858
FR,2021-04-20,251442,180017,13241706,5124700,19.7,7.6,236014
FR,2021-04-21,250095,178373,13491801,5303073,20.1,7.9,230206.7142857143
FR,2021-04-22,284185,199980,13775986,5503053,20.5,8.2,223246
FR,2021-04-23,291958,196196,14067944,5699249,21,8.5,216905.57142857142
FR,2021-04-24,188534,120357,14256478,5819606,21.2,8.7,217142.2857142857
FR,2021-04-25,68494,42041,14324972,5861647,21.3,8.7,219702.7142857143
FR,2021-04-26,218472,167556,14543444,6029203,21.7,9,221882.85714285713
FR,2021-04-27,281589,208317,14825033,6237520,22.1,9.3,226189.57142857142
FR,2021-04-28,296629,205913,15121662,6443433,22.5,9.6,232837.2857142857
FR,2021-04-29,353713,228233,15475375,6671666,23.1,9.9,242769.85714285713
FR,2021-04-30,368810,221339,15844185,6893005,23.6,10.3,253748.7142857143
FR,2021-05-01,164461,62468,16008646,6955473,23.9,10.4,250309.7142857143
FR,2021-05-02,90364,42802,16099010,6998275,24,10.4,253434
FR,2021-05-03,284809,188191,16383819,7186466,24.4,10.7,262910.71428571426
FR,2021-05-04,311778,248340,16695597,7434806,24.9,11.1,267223.4285714286
FR,2021-05-05,321922,247537,17017519,7682343,25.4,11.4,270836.71428571426
FR,2021-05-06,374742,270975,17392261,7953318,25.9,11.9,273840.85714285716
FR,2021-05-07,368633,296124,17760894,8249442,26.5,12.3,273815.5714285714
FR,2021-05-08,219377,80670,17980271,8330112,26.8,12.4,281660.71428571426
FR,2021-05-09,128480,54763,18108751,8384875,27,12.5,287105.85714285716
FR,2021-05-10,307867,252996,18416618,8637871,27.4,12.9,290399.85714285716
FR,2021-05-11,399328,294537,18815946,8932408,28,13.3,302907
FR,2021-05-12,428462,267276,19244408,9199684,28.7,13.7,318127
FR,2021-05-13,334239,77216,19578647,9276900,29.2,13.8,312340.85714285716
FR,2021-05-14,449146,201384,20027793,9478284,29.8,14.1,323842.71428571426
FR,2021-05-15,370376,119061,20398169,9597345,30.4,14.3,345414
FR,2021-05-16,200851,33660,20599020,9631005,30.7,14.4,355752.71428571426
FR,2021-05-17,372130,177805,20971150,9808810,31.2,14.6,364933.14285714284
FR,2021-05-18,454286,190606,21425436,9999416,31.9,14.9,372784.28571428574
FR,2021-05-19,462465,181141,21887901,10180557,32.6,15.2,377641.85714285716
FR,2021-05-20,501114,202571,22389015,10383128,33.4,15.5,401481.14285714284
FR,2021-05-21,484137,219420,22873152,10602548,34.1,15.8,406479.85714285716
FR,2021-05-22,344351,107291,23217503,10709839,34.6,16,402762
FR,2021-05-23,160181,26438,23377684,10736277,34.8,16,396952
FR,2021-05-24,259947,52397,23637631,10788674,35.2,16.1,380925.85714285716
FR,2021-05-25,395291,224829,24032922,11013503,35.8,16.4,372498
FR,2021-05-26,408043,224645,24440965,11238148,36.4,16.7,364723.4285714286
FR,2021-05-27,444951,264557,24885916,11502705,37.1,17.1,356700.14285714284
FR,2021-05-28,424397,316118,25310313,11818823,37.7,17.6,348165.85714285716
FR,2021-05-29,295936,181199,25606249,12000022,38.2,17.9,341249.4285714286
FR,2021-05-30,105294,41724,25711543,12041746,38.3,17.9,333408.4285714286
FR,2021-05-31,353098,240519,26064641,12282265,38.8,18.3,346715.71428571426
FR,2021-06-01,415606,301347,26480247,12583612,39.5,18.7,349617.85714285716
FR,2021-06-02,403645,276165,26883892,12859777,40.1,19.2,348989.5714285714
FR,2021-06-03,452917,311418,27336809,13171195,40.7,19.6,350127.5714285714
FR,2021-06-04,443600,360162,27780409,13531357,41.4,20.2,352870.85714285716
FR,2021-06-05,299291,221039,28079700,13752396,41.8,20.5,353350.14285714284
FR,2021-06-06,129642,60647,28209342,13813043,42,20.6,356828.4285714286
FR,2021-06-07,329808,298149,28539150,14111192,42.5,21,353501.28571428574
FR,2021-06-08,383074,336103,28922224,14447295,43.1,21.5,348853.85714285716
FR,2021-06-09,374538,318596,29296762,14765891,43.7,22,344695.71428571426
FR,2021-06-10,388852,336704,29685614,15102595,44.2,22.5,335543.5714285714
FR,2021-06-11,376608,406743,30062222,15509338,44.8,23.1,325973.28571428574
FR,2021-06-12,277160,242596,30339382,15751934,45.2,23.5,322811.71428571426
FR,2021-06-13,101766,84647,30441148,15836581,45.4,23.6,318829.4285714286
FR,2021-06-14,231357,384676,30672505,16221257,45.7,24.2,304765
FR,2021-06-15,295899,423852,30968404,16645109,46.1,24.8,292311.4285714286
FR,2021-06-16,304294,394593,31272698,17039702,46.6,25.4,282276.5714285714
FR,2021-06-17,308249,412141,31580947,17451843,47.1,26,270761.85714285716
FR,2021-06-18,309641,485039,31890588,17936882,47.5,26.7,261195.14285714287
FR,2021-06-19,219118,300212,32109706,18237094,47.8,27.2,252903.42857142858
FR,2021-06-20,70632,111379,32180338,18348473,47.9,27.3,248455.7142857143
FR,2021-06-21,186952,427576,32367290,18776049,48.2,28,242112.14285714287
FR,2021-06-22,214539,499449,32581829,19275498,48.5,28.7,230489.2857142857
FR,2021-06-23,225107,473307,32806936,19748805,48.9,29.4,219176.85714285713
FR,2021-06-24,231332,445682,33038268,20194487,49.2,30.1,208188.7142857143
FR,2021-06-25,218764,560550,33257032,20755037,49.6,30.9,195206.2857142857
FR,2021-06-26,149129,394919,33406161,21149956,49.8,31.5,185207.85714285713
FR,2021-06-27,54031,164959,33460192,21314915,49.9,31.8,182836.2857142857
FR,2021-06-28,147439,478170,33607631,21793085,50.1,32.5,177191.57142857142
FR,2021-06-29,175007,536708,33782638,22329793,50.3,33.3,171544.14285714287
FR,2021-06-30,194596,514979,33977234,22844772,50.6,34,167185.42857142858
FR,2021-07-01,207675,496330,34184909,23341102,50.9,34.8,163805.85714285713
FR,2021-07-02,207092,561746,34392001,23902848,51.2,35.6,162138.42857142858
FR,2021-07-03,136883,394646,34528884,24297494,51.4,36.2,160389
FR,2021-07-04,54303,150641,34583187,24448135,51.5,36.4,160427.85714285713
FR,2021-07-05,155430,448780,34738617,24896915,51.8,37.1,161569.42857142858
FR,2021-07-06,185872,510892,34924489,25407807,52,37.9,163121.57142857142
FR,2021-07-07,198992,476429,35123481,25884236,52.3,38.6,163749.57142857142
FR,2021-07-08,219313,465996,35342794,26350232,52.7,39.3,165412.14285714287
